100
1 6 -16
2 39 67 -59
1 64 -43
4 66 74
1 47 -77
5 28 43
2 5 79 -4
2 40 52 -96
1 65 93
3 69 81
4 60 72
1 15 12
5 85 98
5 51 69
1 20 89
2 48 50 95
3 21 53
1 83 -8
3 80 97
1 31 -38
2 83 84 -82
4 16 85
5 87 98
5 32 37
5 43 78
1 37 22
2 64 95 6
1 5 16
1 15 55
4 6 35
2 22 47 52
2 11 22 -52
5 12 36
2 3 80 -67
4 59 75
4 16 59
5 18 30
5 18 86
4 0 40
4 47 98
4 29 45
4 37 44
1 20 91
1 99 -68
4 21 26
1 65 -19
2 8 92 -26
3 2 11
5 2 74
5 6 51
2 33 35 -90
1 83 -73
1 6 21
2 42 44 -39
1 44 -17
2 3 70 0
5 2 55
3 41 87
4 1 12
5 59 90
1 31 42
3 5 31
2 11 68 -93
3 22 65
3 86 87
4 13 58
4 11 30
3 10 83
1 65 -80
1 49 3
2 46 64 -35
4 17 71
4 36 85
4 52 72
2 37 81 63
2 14 47 83
2 34 56 -9
4 80 93
1 92 -55
4 61 86
5 2 58
1 6 -15
5 25 98
1 36 7
3 13 49
4 30 45
5 20 85
5 14 86
3 48 93
5 28 91
3 43 53
5 67 79
1 22 -31
5 59 79
5 75 88
3 14 53
5 15 29
5 4 44
1 5 -70
3 62 82
0